-776,-84,854,664,-391,258,32,588
-419,-464,-461,-735,741,-910,-110,-55
-912,-716,-734,341,838,-247,-506,-680
156,-1,-540,321,197,-589,508,174
257,880,421,-870,103,-318,-274,-274
-600,-20,-304,-126,222,5,331,-903
496,-270,-536,983,-639,292,-61,-796
557,203,-177,848,-777,-98,981,-356
368,151,-276,-344,-609,540,-666,638
-203,491,-966,-362,-830,-723,639,-824
659,247,178,923,283,429,899,-731
880,885,901,-24,579,314,-502,-705
181,-688,294,677,456,-933,-338,-191
-757,-772,-948,-669,-73,-540,-251,-342
-322,214,147,398,-485,570,836,-214
299,-207,-5,-772,-254,246,707,1
