58,15,94,52,72,18,65,67,58,43,34,66,78,100,99,91,94,80,72,19,85,84,19,92,65,43,93,79,49,69,100,21,59,10,85,57,68,71,35,30
65,90,91,48,51,23,6,99,14,43,89,5,96,74,34,65,91,94,66,28,9,50,88,25,100,71,41,37,72,60,0,67,49,42,36,23,18,55,15,78
98,53,41,65,73,83,30,9,67,71,20,10,89,58,64,48,92,92,83,68,94,27,40,56,0,6,40,41,7,89,61,44,4,57,84,17,3,19,61,1
48,17,42,33,80,71,38,89,4,11,88,65,49,14,18,10,67,30,25,2,1,64,35,11,32,36,52,7,96,37,22,43,100,11,59,84,55,14,92,95
11,41,15,31,39,55,13,73,76,16,74,41,52,83,60,11,38,79,15,10,89,34,5,82,76,56,78,66,70,63,55,11,32,45,78,22,96,100,55,53
32,72,30,20,51,32,45,7,77,7,29,61,70,33,69,70,11,16,26,40,43,33,95,56,55,6,46,44,6,55,77,52,53,67,90,4,26,80,86,88
3,60,28,53,4,55,6,68,77,81,22,95,82,3,82,17,5,37,86,43,80,40,86,52,33,43,80,88,40,61,35,73,24,41,52,24,56,12,87,54
71,36,52,62,88,89,16,23,3,70,9,92,99,19,50,80,92,79,34,22,94,26,10,33,42,18,45,82,83,94,32,49,46,73,40,34,88,72,67,66
24,22,56,38,32,47,54,26,10,48,56,45,7,90,11,42,33,100,25,36,37,31,57,68,35,62,25,50,91,64,10,87,36,10,68,29,92,4,58,22
66,77,15,10,45,32,62,95,88,52,44,30,62,8,55,83,23,2,65,16,17,71,1,71,49,68,82,18,83,91,49,17,99,10,97,41,57,15,39,90
54,20,47,47,87,9,80,62,53,71,66,54,94,49,6,14,52,25,83,58,40,79,91,51,90,53,71,90,2,68,80,1,45,30,42,13,63,29,31,43
64,20,84,36,33,90,22,49,51,9,88,17,58,59,96,87,66,23,27,16,40,10,96,34,65,86,71,11,52,89,6,27,52,77,67,72,42,36,88,58
61,40,86,38,93,39,55,38,39,23,98,41,82,86,46,88,8,80,48,35,53,11,32,41,30,38,48,2,17,30,73,81,7,74,13,64,37,72,71,98
99,82,13,56,74,71,24,20,53,18,51,72,16,100,29,27,23,98,65,14,81,59,52,2,74,92,47,68,65,23,94,28,60,22,13,96,36,18,89,95
64,51,5,4,7,50,21,33,83,22,95,69,80,33,57,5,19,2,58,78,43,41,16,5,5,6,86,59,12,33,17,96,80,22,63,29,29,97,60,97
39,41,33,81,24,97,43,70,84,92,66,75,27,40,67,83,0,95,52,91,0,81,15,55,1,1,11,3,49,78,11,28,0,2,15,46,33,48,85,26
33,20,53,38,72,79,19,44,35,73,35,86,62,59,78,3,23,85,43,12,88,8,21,90,47,40,12,84,62,7,8,41,72,67,7,89,34,78,81,30
81,30,98,18,34,94,49,99,75,5,85,60,47,98,54,4,90,92,98,94,17,21,31,43,69,92,42,52,10,4,0,60,53,28,14,92,56,96,84,84
4,62,84,78,37,78,23,25,68,76,58,65,97,96,59,6,62,20,54,83,80,93,39,34,31,61,55,40,44,74,60,77,31,39,92,2,98,4,76,26
0,46,98,5,34,36,18,7,44,67,5,25,27,87,30,6,0,48,38,19,99,93,68,69,44,28,68,40,43,49,13,70,10,76,82,33,82,24,49,49
45,42,31,78,70,47,71,74,31,4,11,24,0,77,80,27,32,94,98,32,68,30,11,43,5,42,69,70,78,52,29,20,6,63,80,100,87,77,97,79
16,59,17,21,77,50,89,74,77,98,14,52,94,9,78,44,76,42,55,92,35,51,41,68,67,76,95,59,33,97,90,51,11,50,16,23,0,47,45,0
62,15,90,80,100,23,36,98,78,90,46,36,18,94,11,78,83,51,0,89,79,87,72,22,10,77,4,35,54,68,1,70,80,76,60,22,81,51,82,46
80,5,59,1,29,4,63,7,99,64,42,95,50,5,35,68,53,28,80,63,5,28,36,92,10,54,100,62,60,96,97,4,56,86,83,53,29,38,89,47
3,98,62,99,90,79,25,73,74,29,26,30,26,8,68,15,86,36,73,70,90,22,77,27,17,57,84,64,19,26,8,18,16,73,61,83,6,27,75,95
12,6,30,58,22,56,70,49,77,73,65,70,33,53,4,93,53,61,16,8,51,42,62,30,74,55,20,10,11,86,70,97,35,39,40,87,57,32,64,28
88,70,35,36,30,78,42,16,32,38,64,67,70,94,97,32,72,57,82,53,33,18,25,6,67,48,66,55,80,30,66,90,91,34,91,90,44,99,58,4
63,17,79,92,34,84,27,9,89,81,87,19,22,27,66,94,89,27,22,73,67,31,99,14,100,98,29,69,65,91,15,68,72,58,21,8,46,26,8,76
38,49,49,15,81,69,18,61,30,2,87,35,50,61,61,53,41,55,74,92,90,33,92,41,7,13,54,9,37,99,34,82,78,92,26,47,14,22,9,78
77,50,12,91,95,75,61,33,49,13,89,1,43,45,42,78,41,34,96,40,57,68,14,8,76,14,27,21,8,84,54,42,99,22,37,16,57,72,6,65
18,10,8,40,32,15,35,95,65,65,12,59,23,97,2,14,21,10,59,19,88,48,31,30,67,14,94,71,70,99,64,61,65,94,98,8,100,50,37,64
37,65,12,81,39,96,33,12,17,86,13,36,92,0,22,40,3,24,83,66,95,18,93,94,28,97,16,18,62,100,7,14,87,3,24,6,2,11,99,20
11,49,32,56,50,15,17,70,79,63,77,7,12,67,39,28,61,26,80,53,14,87,28,23,67,80,20,18,65,21,13,78,2,49,70,62,61,98,90,93
12,24,44,37,0,93,37,94,8,100,22,79,29,81,95,83,74,43,53,79,49,55,14,75,60,47,44,87,77,41,58,1,54,10,15,75,80,19,29,22
90,95,74,69,0,43,93,71,53,32,49,35,5,53,0,65,1,47,31,11,38,26,60,83,15,28,95,94,64,96,43,42,90,31,19,1,49,86,44,90
34,86,24,9,56,59,86,14,37,46,88,74,27,92,94,47,89,59,46,15,73,31,73,85,63,39,85,12,92,76,10,77,34,53,97,7,66,47,57,69
62,27,56,97,21,8,81,4,58,2,65,65,77,44,76,91,1,68,72,49,17,25,33,63,86,60,89,79,69,62,83,98,93,34,69,78,7,8,1,72
17,92,15,12,55,89,65,74,15,7,5,44,63,44,46,64,52,73,34,27,96,42,23,29,16,57,63,38,92,66,15,94,96,34,58,58,72,31,79,81
41,56,38,56,60,54,51,59,99,13,30,89,23,51,21,58,15,64,53,50,7,26,97,46,61,51,91,79,75,48,72,72,24,81,17,63,35,45,33,0
4,88,78,100,25,24,88,35,17,32,30,76,48,41,41,20,72,75,13,72,63,11,20,24,83,10,15,2,22,5,16,77,91,32,98,60,31,30,96,53
34,81,89,17,51,62,19,87,98,92,97,76,82,55,19,18,73,47,73,2,67,16,64,92,18,48,50,32,70,15,5,19,21,24,13,88,50,32,20,41
16,96,99,95,92,75,8,66,9,78,52,37,2,7,36,30,20,45,17,56,95,3,91,38,0,76,100,52,98,58,42,94,64,82,36,62,80,78,60,2
18,78,54,38,58,92,11,97,81,2,22,36,75,27,96,24,95,8,69,78,69,66,88,17,16,67,78,9,31,21,39,28,97,47,44,55,54,44,75,74
33,75,34,34,89,44,52,65,8,83,83,1,5,28,89,76,44,35,84,22,69,23,96,13,79,27,100,41,29,78,46,87,76,49,41,15,25,79,81,85
81,81,51,93,43,20,50,20,36,39,44,34,20,75,84,21,39,52,8,83,26,16,77,60,42,91,7,34,19,62,20,47,19,86,64,20,90,29,98,81
90,4,99,51,23,52,60,71,51,37,20,8,45,98,98,64,50,25,66,73,39,12,43,39,92,74,54,25,65,92,85,99,3,70,73,51,17,99,39,96
6,19,35,89,5,60,6,90,24,59,22,69,46,63,91,28,83,7,78,96,52,92,82,64,10,46,74,28,46,46,9,79,93,45,86,73,60,35,95,50
46,69,7,46,34,54,70,1,11,10,6,97,68,24,30,45,81,3,65,100,68,45,61,67,37,27,33,91,5,80,2,48,19,8,51,35,82,64,33,44
96,52,42,76,92,73,79,49,93,1,28,40,95,92,74,37,96,2,99,5,86,50,16,95,44,67,11,37,41,80,59,91,21,7,28,21,66,16,66,63
82,76,3,28,41,81,57,26,10,20,74,80,19,23,62,55,9,77,53,42,46,71,62,10,14,100,9,53,72,52,60,71,49,58,91,3,24,59,79,82
40,82,93,92,14,82,98,5,67,60,88,79,52,34,32,81,22,1,24,74,22,21,67,74,25,7,63,66,68,37,42,4,84,8,74,26,59,77,26,76
51,12,84,58,11,76,82,54,64,56,52,19,96,41,95,66,97,54,65,30,87,84,35,68,71,11,41,18,61,87,0,45,16,21,36,70,4,35,34,25
18,37,65,89,73,93,99,57,64,43,88,39,4,1,28,49,64,98,30,58,82,57,25,87,88,6,1,98,14,46,58,17,33,76,66,19,28,38,70,8
12,18,96,72,27,5,96,20,98,85,87,20,51,25,88,16,74,55,4,24,1,28,88,77,4,92,78,46,45,97,27,17,41,67,75,96,51,38,4,78
18,46,53,88,27,91,10,75,77,57,89,38,44,99,22,32,57,90,50,95,86,69,88,71,90,41,23,81,60,53,8,35,79,39,18,16,59,67,19,18
56,25,39,35,100,40,80,80,15,40,83,21,17,82,59,11,91,14,33,42,5,37,100,58,32,35,32,56,58,75,70,36,35,12,36,83,51,33,30,55
42,92,92,85,98,52,58,33,12,18,83,53,24,43,46,62,43,99,12,48,88,58,7,98,61,89,55,43,53,6,61,38,53,5,66,4,36,73,72,41
26,15,37,29,100,82,17,58,39,45,39,5,65,43,68,90,85,87,83,84,5,5,26,80,29,17,94,55,84,21,79,35,85,60,69,67,90,24,71,28
98,95,42,6,84,63,99,41,39,40,92,54,8,63,79,91,61,90,92,88,60,32,15,14,94,77,67,97,95,26,67,61,28,77,2,94,26,14,59,23
49,65,36,62,28,71,66,64,87,87,82,4,8,81,91,94,40,42,79,87,97,79,74,60,1,68,71,100,25,98,25,34,54,93,100,70,34,5,75,78
98,19,15,97,93,20,69,79,78,0,25,89,69,66,67,15,39,47,24,80,64,29,86,35,99,69,70,96,97,19,0,82,77,28,92,35,82,56,82,44
96,16,75,79,43,70,64,31,9,68,90,71,88,51,20,72,33,86,62,25,11,23,92,20,52,72,49,74,43,76,34,74,53,20,90,27,40,98,19,36
33,83,56,42,60,32,54,77,26,47,88,5,17,37,7,33,20,26,26,46,45,26,57,11,67,90,50,73,46,69,24,34,32,45,35,51,45,48,74,84
78,95,32,91,38,96,12,38,58,53,27,55,2,52,44,88,13,72,31,90,22,74,23,45,91,24,33,33,39,7,76,79,15,28,40,48,69,50,8,77
7,53,80,17,93,31,92,39,68,65,14,65,19,15,44,54,44,18,30,97,89,69,45,55,73,38,20,100,80,52,71,12,16,58,62,5,11,12,92,20
71,23,76,91,48,92,96,77,18,21,86,92,1,80,83,76,60,24,51,7,91,78,5,82,21,18,48,89,86,78,47,12,11,59,61,91,94,29,96,100
4,70,1,35,37,12,21,16,41,69,53,70,96,31,37,87,10,34,13,66,98,51,82,38,43,6,1,93,77,17,2,2,25,71,47,56,59,76,48,67
47,31,21,78,27,87,90,70,52,56,63,65,62,60,45,21,45,1,71,13,23,95,80,42,51,85,12,94,24,94,4,19,1,31,34,61,68,7,75,3
24,24,26,78,48,97,36,28,38,61,98,99,50,0,84,0,29,80,100,50,43,54,8,76,98,93,30,70,44,38,95,85,69,88,74,47,28,73,90,50
99,25,14,91,57,53,47,94,64,40,58,52,98,100,98,72,17,31,11,86,5,75,43,11,12,73,28,72,60,36,42,43,33,65,5,29,65,72,3,61
59,97,73,74,3,53,17,27,35,67,72,67,3,32,64,9,95,18,80,96,83,73,41,74,2,82,59,59,81,89,31,97,9,30,89,84,97,27,38,32
86,49,41,49,44,75,37,69,63,25,70,57,63,80,99,92,68,76,24,78,97,49,85,64,27,50,39,27,81,17,17,81,57,61,65,100,7,81,53,36
50,60,0,62,57,90,29,98,31,86,86,87,67,53,40,26,49,10,57,100,50,21,34,12,30,61,78,68,5,78,0,42,55,26,70,7,28,19,3,13
32,4,65,35,32,3,68,81,92,75,46,86,47,91,42,47,78,19,69,13,89,82,38,44,59,51,28,53,29,50,5,77,73,52,2,66,64,74,67,71
28,36,74,84,11,64,51,83,78,5,97,76,37,15,95,37,25,40,58,78,28,89,40,67,44,53,29,53,25,54,73,20,17,94,12,85,34,16,14,59
99,18,87,57,70,98,71,54,21,74,11,63,61,48,17,62,40,71,54,75,76,60,42,8,88,14,5,50,11,55,21,24,20,49,5,96,53,9,47,83
77,38,28,18,86,11,9,47,44,63,89,25,4,32,6,47,37,41,65,65,0,42,40,12,74,44,47,22,58,75,40,30,88,69,82,2,92,53,76,5
65,3,69,24,63,7,53,0,82,43,2,40,92,87,26,9,16,74,31,26,72,62,94,7,50,56,75,79,31,22,59,31,27,62,9,47,77,27,9,27
22,83,22,40,87,84,52,42,5,78,34,8,65,90,31,84,1,69,62,7,34,42,87,73,69,16,40,79,15,5,24,93,72,93,88,42,29,10,73,12
0,95,21,87,71,40,74,51,43,3,8,57,81,69,27,32,14,18,88,53,33,71,5,84,26,47,92,63,8,54,33,84,44,94,3,37,56,80,18,82
