21,8,78,-57,25,14,99,48,-94,-9,-38,-12,72
-59,-25,63,17,54,89,-11,57,34,18,-19,-40,32
52,-42,30,81,67,-47,10,78,23,-80,-14,31,-66
-99,-26,-49,-65,-56,-19,88,95,-91,34,59,25,-41
30,3,70,-4,11,-80,43,-57,-94,-62,-72,-3,-13
52,95,65,-57,-83,-78,5,4,-54,5,-89,94,64
-82,-33,0,-90,-17,-30,13,-88,-92,-99,-17,-73,-67
6,-67,-5,-6,94,-65,-70,-27,84,-53,-54,22,-84
42,81,90,75,-18,78,41,-27,67,61,25,-66,83
66,-19,53,85,80,33,-37,-43,-72,47,-18,-89,-81
-3,0,99,-42,-10,74,-42,-61,84,-8,-84,-38,28
-36,-51,10,-57,-7,-39,21,99,8,41,69,77,-77
-100,-98,-24,78,-96,-8,-73,-14,-87,-53,88,16,-47
81,19,-31,-56,-8,-62,80,100,63,37,35,86,36
-75,-19,74,-89,33,-3,-18,42,0,-84,-20,-71,22
-72,-1,45,23,93,4,-61,23,-25,86,-4,-68,24
-63,83,96,-5,98,-67,63,-24,-64,-69,-32,71,45
28,8,33,33,21,-39,59,45,96,65,-62,-15,-43
54,-95,47,-22,-9,89,-28,55,20,91,-13,-55,-38
24,-6,42,-75,-97,-79,-2,-74,-37,-87,-1,-92,75
-91,-41,89,35,-20,3,-92,-49,30,-99,-76,54,-91
-33,-2,81,45,-62,89,88,-80,-90,-57,-71,-77,51
63,-77,83,-51,-21,-12,-90,19,32,-88,-17,81,-57
-7,45,-56,44,68,-23,91,-93,95,83,-63,10,57
60,43,29,-42,-25,-88,12,58,-29,90,-8,42,-36
51,-46,-75,10,-11,-1,6,-84,35,-27,100,14,57
